0 0.4875 0.7625 0.975 0.02578125
0 0.4390625 0.73984375 0.86484375 0.02578125
0 0.471875 0.6890625 0.94375 0.03671875
0 0.465625 0.67734375 0.93046875 0.015625
0 0.4546875 0.62734375 0.903125 0.04140625
0 0.44765625 0.5796875 0.8953125 0.03125
0 0.45625 0.5453125 0.9125 0.03359375
0 0.46875 0.51171875 0.93046875 0.01796875
0 0.46171875 0.48671875 0.909375 0.02109375
0 0.47890625 0.453125 0.9578125 0.03125
0 0.48125 0.4234375 0.96171875 0.01328125
0 0.47734375 0.4 0.95390625 0.02109375
0 0.47734375 0.3640625 0.95390625 0.02109375
0 0.45859375 0.33203125 0.91640625 0.0234375
0 0.48203125 0.30234375 0.9640625 0.0234375
0 0.47890625 0.259375 0.9578125 0.015625
0 0.4703125 0.22265625 0.940625 0.02890625
0 0.484375 0.1875 0.96875 0.02578125
0 0.47578125 0.146875 0.94453125 0.02890625