0 0.5046875 0.83671875 0.990625 0.0296875
0 0.5 0.7984375 1 0.0234375
0 0.5 0.771875 1 0.0234375
0 0.5 0.73671875 1 0.02109375
0 0.5015625 0.7015625 0.996875 0.0390625
0 0.503125 0.68125 0.99296875 0.01796875
0 0.5 0.6546875 1 0.01796875
0 0.503125 0.60703125 0.99296875 0.02578125
0 0.5 0.578125 1 0.02109375
0 0.5 0.5703125 1 0.015625
0 0.5015625 0.54375 0.996875 0.03125
0 0.5015625 0.4875 0.996875 0.06484375
0 0.5015625 0.4328125 0.996875 0.03359375
0 0.5 0.39609375 1 0.04140625
0 0.49453125 0.36015625 0.9890625 0.0296875
0 0.496875 0.3375 0.99296875 0.03359375
0 0.5 0.3109375 1 0.01796875
0 0.5015625 0.290625 0.996875 0.02578125