0 0.5 0.97890625 1 0.03671875
0 0.49296875 0.9390625 0.98515625 0.02890625
0 0.5015625 0.8984375 0.996875 0.02578125
0 0.49765625 0.86328125 0.9953125 0.0359375
0 0.49140625 0.8140625 0.96875 0.0390625
0 0.5 0.78671875 1 0.03125
0 0.5015625 0.7421875 0.996875 0.03671875
0 0.5 0.696875 1 0.02890625
0 0.5 0.66640625 1 0.02578125
0 0.49765625 0.63359375 0.9953125 0.0234375
0 0.5 0.61171875 1 0.02578125
0 0.5 0.58984375 1 0.0390625
0 0.5 0.54296875 1 0.0390625
0 0.5015625 0.5015625 0.996875 0.04140625
0 0.5 0.45546875 1 0.05234375
0 0.503125 0.40859375 0.99296875 0.02578125
0 0.49765625 0.3609375 0.9953125 0.046875
0 0.5015625 0.3203125 0.996875 0.05234375
0 0.5 0.27734375 1 0.04453125