0 0.503125 0.78359375 0.99296875 0.03125
0 0.503125 0.7421875 0.99296875 0.03125
0 0.503125 0.69921875 0.99296875 0.02890625
0 0.5 0.6484375 1 0.02578125
0 0.503125 0.61171875 0.99296875 0.02109375
0 0.5015625 0.590625 0.996875 0.02109375
0 0.49765625 0.54453125 0.9953125 0.0296875
0 0.503125 0.4703125 0.99296875 0.03359375
0 0.503125 0.42578125 0.99296875 0.03359375
0 0.5 0.36953125 1 0.03671875
0 0.5 0.3203125 1 0.046875
0 0.5 0.25625 1 0.06484375
0 0.49296875 0.2203125 0.98515625 0.02578125
0 0.5015625 0.19375 0.996875 0.0234375
0 0.503125 0.16015625 0.99296875 0.02890625
0 0.5 0.08828125 1 0.046875
0 0.5 0.04453125 1 0.04140625
0 0.5 0.0234375 1 0.046875