0 0.5 0.7640625 1 0.0703125
0 0.48203125 0.74921875 0.9640625 0.0421875
0 0.50703125 0.70703125 0.965625 0.0234375
0 0.50859375 0.6890625 0.97578125 0.0390625
0 0.5015625 0.6359375 0.996875 0.03359375
0 0.5 0.5953125 1 0.02890625
0 0.5 0.56015625 1 0.05703125
0 0.49765625 0.51328125 0.9953125 0.0453125
0 0.4984375 0.47421875 0.97578125 0.03671875
0 0.5 0.43203125 1 0.02578125
0 0.5 0.38671875 1 0.06484375
0 0.503125 0.328125 0.99296875 0.03671875
0 0.5 0.30234375 1 0.02109375
0 0.5015625 0.2640625 0.98984375 0.0390625