0 0.49765625 0.89609375 0.9953125 0.0390625
0 0.5 0.859375 1 0.02578125
0 0.503125 0.8359375 0.99296875 0.02109375
0 0.5 0.79140625 1 0.02578125
0 0.5015625 0.74609375 0.996875 0.0390625
0 0.503125 0.7109375 0.99296875 0.03125
0 0.5 0.6625 1 0.03359375
0 0.5 0.61328125 1 0.0234375
0 0.5015625 0.5625 0.996875 0.02578125
0 0.49296875 0.5171875 0.98515625 0.02890625
0 0.5 0.459375 1 0.06484375
0 0.5 0.4 1 0.03359375
0 0.496875 0.3734375 0.99296875 0.03359375
0 0.5 0.328125 1 0.03671875
0 0.5 0.265625 1 0.05234375
0 0.5 0.21484375 1 0.04453125
0 0.5 0.1734375 1 0.0390625